-4.106556198848100969e+00 -9.050538828186660112e+00 3.195339110837470464e+00 1.257234641868693714e+00 8.781030381640061222e+00 -7.643210701700046350e+00 9.184194843323520985e+00 4.429046771698059715e+00 1.145332297678809841e+00 7.657785035306400090e+00
4.121027137838315646e+00 4.393553447267585454e+00 -4.351310850846300760e+00 -2.908542482355389591e+00 3.940358390889871387e+00 -1.260309480681601535e+00 -5.676168198225138184e+00 -5.215203514817653208e+00 -4.150923637486421569e+00 7.060157890515540657e+00
-2.955146458873704418e+00 -9.443465560976111561e+00 3.968568606436589707e+00 1.443986212660015811e+00 6.711488034927818092e+00 -9.186763965449893377e+00 7.445279280397993027e+00 5.508838353615841399e+00 6.676463096114775286e-01 8.908430573166423727e+00
-5.875240991161404303e+00 1.832022102926485374e+00 -7.871690706440881424e-01 -8.325984876591013162e+00 7.658487119211733196e-01 -4.760971776750709594e+00 5.667333326272912863e+00 3.221827332413112810e+00 6.121230929540041998e+00 -3.446324115576621772e+00
-7.840308343491878773e+00 4.205035649033153966e+00 -6.259926491781490077e-01 -8.878587800666501550e+00 -1.062749696784741626e-01 -7.959385550241168339e+00 5.749084002155553819e+00 3.285658560635394299e+00 7.202236911467439384e+00 -4.347546146093669073e+00
-7.352410938088702608e+00 2.231102891615690975e+00 7.144681254373442814e-01 -8.933189083486238857e+00 -5.356312241843306232e-01 -5.481769630514449432e+00 7.282829647693070285e+00 4.166325715479016978e+00 6.821872215321435284e+00 -4.943770607268986872e+00
2.314686391861906944e+00 2.968085439286608285e+00 -2.587535343040203273e+00 -5.798039754533691692e+00 4.684374321849654521e+00 -2.809617460213728712e+00 -5.011660078147015085e+00 -6.347527382391448647e+00 -5.927421561378780623e+00 6.033665350480982958e+00
-7.701501156252653857e+00 5.065642052336333023e+00 8.998477596619519625e-01 -9.241473674768210245e+00 1.041628036576525362e+00 -6.342224974129888615e+00 7.714848334335905555e+00 2.049549731633756977e+00 8.238541367031924523e+00 -2.972508169188438742e+00
4.513921042526053640e+00 4.666681169875572799e+00 -3.002417819415872380e+00 -2.051128417718462771e+00 1.971211336570247497e+00 -1.538117357089165527e+00 -3.428207140195340674e+00 -6.155397925949636750e+00 -4.465879940607845988e+00 7.667011375006230089e+00
-7.834664541776244384e+00 3.988005851286507308e+00 9.079887592998050483e-01 -8.803803921400751520e+00 1.275298288628825327e+00 -9.639811020430293809e+00 5.917197998200261821e+00 3.322278231527228343e+00 7.269695297894627650e+00 -4.983004545632568671e+00
-8.933494705178381068e+00 3.591407968864226863e+00 5.674932935809606782e-01 -6.988208238255085192e+00 3.904897082016594578e-01 -6.789791644798888193e+00 8.328693236475402273e+00 2.503539709388050483e+00 7.272916467508220073e+00 -2.232261437590326913e+00
-3.074914643249276214e+00 -7.675366922354864840e+00 1.762175161949159463e+00 -1.128685907192094884e-01 7.374993513373404141e+00 -8.036429424123262777e+00 7.990693475755255015e+00 5.217686072320358193e+00 -1.588249592956343603e+00 9.129541020636228410e+00
-8.390039355939647336e+00 1.243428407132524338e+00 2.432392149867255993e-01 -1.083826508195654803e+01 1.827483969870631109e+00 -7.246644979441601464e+00 6.868668417308860796e+00 1.064703359544227457e+00 5.719928307516786603e+00 -5.116615633555759324e+00
-3.015660049230358908e+00 -8.133570298914218455e+00 1.061505882749043783e+00 -1.991428562836745186e+00 5.706030687542108737e+00 -7.728205595581506770e+00 8.108103204209246684e+00 5.746102526854926396e+00 -5.215136064833646445e-01 8.431161459747176679e+00
-3.353248096641235687e+00 -9.073664325982175427e+00 3.719767855784867905e+00 -5.083373919023643772e-01 8.240566373459948579e+00 -8.117109387997503589e+00 8.224080711828756662e+00 5.402014952705504136e+00 5.480050105179661291e-01 8.466532788749447036e+00
-7.918044824336566201e+00 2.877717279691085039e+00 -2.836795300078398530e-01 -9.362563345680344540e+00 3.112596717337466345e-01 -6.261518029779636230e+00 6.275454452854103415e+00 2.537834056198595256e+00 6.646013391736346421e+00 -4.720089100447044217e+00
-4.609900577534207677e+00 -8.978367821995645315e+00 2.229115501082786555e+00 -1.637694454692262491e+00 7.287529619561290417e+00 -8.896946156117218507e+00 8.333827485268287205e+00 6.129097789810048269e+00 2.279676603485443209e+00 8.091211312944128764e+00
-8.459464791226075420e+00 3.752096743034072812e+00 2.055456564705111511e+00 -9.179180492795715907e+00 1.009485413144730614e+00 -5.451052981575352341e+00 5.137020975681227064e+00 2.495656640014947136e+00 6.181311862541361002e+00 -3.344948388892173163e+00
-2.843613632394542456e+00 -1.137637372443079364e+01 3.867620230492815558e+00 6.856093005601067158e-01 6.334537678181670906e+00 -9.952568003133769992e+00 9.824213465487236618e+00 4.735417549416220950e+00 3.153862996332665869e-01 8.365083531931613692e+00
-5.458995583042893784e+00 -9.391309269459819475e+00 9.631301320877641015e-01 6.131624939706326050e-01 5.629627945993877169e+00 -7.115601239746976781e+00 8.004264274302860471e+00 5.241215903604245163e+00 1.884710785728005655e+00 9.422582785097045388e+00
-1.702394588445526491e+00 -9.211251900893149269e+00 8.966903475247389732e-01 -1.244556922684772582e+00 5.712890405809152305e+00 -1.115742131065412757e+01 8.266236437664955972e+00 5.332011064043804538e+00 3.269848294487393003e-01 8.885331863016661558e+00
-6.498929905542614627e+00 1.361343637532278272e+00 5.052477580484746600e-01 -1.027641830167354620e+01 -7.915864924175883832e-01 -7.854231431032935085e+00 6.097537460263735554e+00 8.068718832606074365e-01 6.950118129359866614e+00 -4.310082473127706315e+00
3.653394078190030481e+00 4.591221033008077157e+00 -2.904606996344793579e+00 -2.353872188927132569e+00 3.523573857272527476e+00 -1.691253228096107453e+00 -3.542647634973138171e+00 -5.635710762532427864e+00 -6.542605327416964656e+00 7.297987113166566786e+00
2.896165922431346740e+00 3.478814716290049347e+00 -4.111776134456915699e+00 -3.153221316727090606e+00 1.949088746931425087e+00 -1.849492777659208498e+00 -3.510042940136823386e+00 -3.981758846486783465e+00 -4.783240844412614656e+00 6.640498785027433293e+00
3.470806517308893113e+00 3.104579810788173688e+00 -4.396402170273550958e+00 -1.866393402286846692e+00 3.657162425322779242e+00 -2.793450710072459930e+00 -3.966942962118745530e+00 -4.934919860394762381e+00 -5.656020959659922909e+00 5.146735852708567371e+00
-8.613631950523988223e+00 4.376536253888012595e+00 -1.086068134006003133e-01 -8.931107741325138960e+00 9.954472723127153477e-01 -6.583119417196285461e+00 6.128447717924244920e+00 3.260449704587078390e+00 5.878025037986414958e+00 -4.331237458102597415e+00
2.118987524168882253e+00 2.080903100780430393e+00 -3.593845633749079393e+00 -4.570730277095164773e+00 2.768108475529097667e+00 -2.349663364511007657e+00 -3.174682474113225794e+00 -4.204515797735330018e+00 -2.452549748117346162e+00 5.992664374632199475e+00
-7.673260842217449529e+00 4.739316832843877059e+00 -1.539022656915671305e+00 -8.579748494226887345e+00 -1.543012261339761215e+00 -7.626329806970979064e+00 6.354266044265851399e+00 3.361534223972761470e+00 8.217075272162622568e+00 -4.296479004588882766e+00
3.139252922877323382e+00 1.017009660813869232e+00 -2.740008150546541010e+00 -2.362321773670527758e+00 4.231013629481815919e+00 -1.111244742864355928e+00 -4.524069004077991174e+00 -4.764004090875031849e+00 -4.250086782508899930e+00 7.465140345442187630e+00
-3.203297544561095833e+00 -9.383368943892769209e+00 1.830389122912114086e+00 8.111277217977787002e-01 7.495422525969655858e+00 -8.756342090851555682e+00 1.007962352632342018e+01 6.008401935941576788e+00 -3.489239457536874589e-01 7.615897600509044629e+00
-6.235796090841173367e+00 3.206311033816445555e+00 -9.709833780868288855e-01 -7.913284150746425993e+00 -4.223731851153358363e-01 -4.416860944921085164e+00 6.985590669153741494e+00 3.438649580929656224e+00 5.406527374770409011e+00 -4.468227604792102348e+00
-4.436623091064420876e+00 -1.026424702483464912e+01 3.670029305791805641e+00 3.807647017407813639e-01 5.781989955441529716e+00 -9.370667215181137877e+00 7.717476571543704367e+00 6.623524859154223066e+00 -3.052565992317468613e-01 8.487081037960209073e+00
9.566898275219770653e-01 3.470222709301521213e+00 -3.320733655745033541e+00 -4.077804294274448793e+00 3.903255523539024718e+00 -7.178012912004868573e-01 -5.164139418122363878e+00 -5.728589378678411670e+00 -3.239623847570055837e+00 7.392265183558333952e+00
-4.172429800914400744e+00 -1.135213512047586804e+01 3.062654211417815464e+00 -2.424365756993809851e-01 6.799272691471736962e+00 -9.222514608631588118e+00 8.475315481021468145e+00 6.022787059756379513e+00 -3.530166296345159660e-01 8.070913179865053522e+00
-1.523345052231314334e+00 -8.417331149896968512e+00 1.999619045192399414e+00 2.666984872452414501e-02 7.773084978078388829e+00 -7.928751152201288122e+00 8.672680838255107716e+00 6.368412523550013304e+00 1.702409845176282799e+00 9.128182166130823560e+00
-4.961347821714383599e+00 -8.039289718128463491e+00 3.241083872142387801e+00 -9.516588819017783862e-01 5.290863393551916261e+00 -7.065549910414636869e+00 9.074318051570344323e+00 4.524293674178541558e+00 2.143931505785702907e+00 8.485870346790338914e+00
2.416749736842808360e+00 4.476323593601961193e+00 -4.772012786790703842e+00 -3.747307977703821624e+00 3.014576544513298817e+00 -4.838450027840504930e+00 -5.154020070027113931e+00 -6.309670602031090425e+00 -5.099963750192562095e+00 7.078860645106710869e+00
-3.953585516829755786e+00 -9.309069555805084661e+00 9.452094757695490568e-01 -1.277301660454783994e+00 5.828708960228390801e+00 -9.274973256965537871e+00 8.444579742998570282e+00 4.214990616903814491e+00 -4.325772133683833953e-01 1.016425922559619721e+01
4.854126310806648803e+00 5.690592404818713312e+00 -3.616890115176273124e+00 -4.017936287190969402e+00 1.407135226572076014e+00 -1.541264153500342848e+00 -3.801147400572932877e+00 -5.164506790354382204e+00 -5.766864561831188674e+00 6.664761301059826337e+00
-7.931818171540522933e+00 4.291309235833579372e+00 -3.129123115119732401e-01 -8.949284375431885152e+00 -6.278265184183677849e-01 -6.436940034051680470e+00 5.384563778256282518e+00 2.126772433091350223e+00 7.750049566109113997e+00 -4.199741884452224738e+00
-8.057429332036237568e+00 3.344302930375302907e+00 9.908877713939335807e-01 -1.055294471218530816e+01 2.612303197476090189e-01 -6.638089148914643189e+00 5.852743882861638269e+00 4.080247004105066466e+00 6.999672538284158030e+00 -6.800835636782560201e+00
-4.168704137256570519e+00 -1.008044227055725273e+01 5.498224201910204556e-01 1.271330462043200438e+00 5.790508343354474619e+00 -9.668412353624237454e+00 7.749796649244932389e+00 4.931820504897290292e+00 2.685437629695099915e-01 6.539261305685968750e+00
5.129128026344516478e+00 2.908207452687052275e+00 -2.617485582637970154e+00 -1.832513041536190990e+00 3.055635424687604740e+00 -3.594984696131416246e+00 -5.056745247105233432e+00 -6.857684172071696338e+00 -4.852060858600623305e+00 6.379437683336104392e+00
-7.051555503864013197e+00 2.944777505146590535e+00 8.033030265660087155e-01 -9.474874099619027490e+00 -8.520570140540129067e-02 -8.271436373956259303e+00 9.049857030382808531e+00 3.401518059172983666e+00 4.842935137640319354e+00 -4.758893474797488921e+00
-2.796029717327201070e+00 -9.566474654754271612e+00 2.011889334704425547e+00 -6.568012030863443762e-01 4.323619910932051447e+00 -9.081548184019439418e+00 8.623018390317177762e+00 5.513734035592023908e+00 6.958839932254061722e-01 8.464058923714127047e+00
-9.416336556010147518e+00 2.696201389279303751e+00 -1.312943595701185240e+00 -8.122248061129887731e+00 -5.606290313529596059e-01 -6.585545206090645642e+00 7.284765636987155624e+00 3.219215928061081033e+00 8.743733010372132242e+00 -4.927773054635304462e+00
2.603190408702448000e+00 4.085095998679196150e+00 -4.274094149123167874e+00 -2.403261122214250367e+00 3.965176894315624256e+00 -2.693744580387871679e+00 -4.536794810857097460e+00 -6.476998359998817456e+00 -2.185442383576877923e+00 7.818788981738548749e+00
-5.159449458674653322e+00 -8.270711707553678238e+00 4.047575084278380864e+00 -3.353038094607411757e-01 6.779627175040764619e+00 -1.012785980174738043e+01 8.182481210674220407e+00 4.073570857583064253e+00 -8.055855900564751204e-02 7.355557202404604311e+00
-8.099513802284072028e+00 1.618562161085940421e+00 -5.910322012664152858e-02 -1.084516276637245014e+01 3.819066248334822000e-01 -7.281432358728752163e+00 7.222397860101822609e+00 2.979367258331722113e+00 4.542581693215158367e+00 -5.510174308653212449e+00
-7.126821834408302969e+00 2.758401367660771708e+00 1.760548257585435650e+00 -9.997199531528845995e+00 -4.772195809537416178e-03 -6.228886076968047192e+00 5.398548357348154525e+00 3.583942103011564573e+00 8.634612845244241441e+00 -4.437387992666074865e+00
1.758544736193473845e+00 4.542443667369283844e+00 -5.269276948656921533e+00 -3.559141005860433804e+00 2.353646814203848692e+00 -2.997407689088730898e+00 -5.867266248035935661e+00 -5.910282945233779728e+00 -4.232211470045728952e+00 5.763406426343259170e+00
-3.599508074844618211e+00 -1.094362711858573078e+01 2.149737751571513478e+00 -1.478013207815285224e+00 6.074179134212282172e+00 -1.111354390470970088e+01 7.340194622213005893e+00 4.469966329680837624e+00 -2.474860390435237312e-01 8.105494971345034827e+00
-8.503455716398827136e+00 3.708008557613957645e+00 1.414412584430493336e+00 -9.962847946837912971e+00 1.266990070917730193e+00 -6.787201196890052302e+00 7.395457817851259996e+00 3.639240423527457580e+00 5.480598660947856970e+00 -3.521959302771720424e+00
2.832616695055685252e+00 1.206741742050116528e+00 -3.528277971422965287e+00 -2.335027057964555564e+00 3.252976191552406693e+00 -1.297892525698036703e+00 -4.927646358462257403e+00 -5.411623047599420033e+00 -6.111542589804013659e+00 7.835371537488049043e+00
-8.203914465940570722e+00 4.763242641638695929e+00 -2.082296753095712827e+00 -8.469471356582015886e+00 -2.451347645655346241e-01 -7.169699666343404054e+00 7.132371435670853188e+00 2.555163876939923195e+00 6.080536099462728217e+00 -5.320540968974339258e+00
2.116927085755816229e+00 2.836810551004757208e+00 -4.597282885075970604e+00 -3.591881900998024957e+00 4.615366131924183435e+00 -2.433303456303404833e+00 -4.805690454975714232e+00 -4.950612963271426636e+00 -3.219142094757016181e+00 8.321647991227312247e+00
-4.530530683139287085e+00 -9.322528683594779153e+00 3.510911158054491832e+00 -8.425815736722578331e-01 6.642977653788257442e+00 -9.437417242716476196e+00 9.219830623828395133e+00 3.317123895743947948e+00 -1.251012397703283652e+00 9.897528740747169707e+00
2.893939367812305985e+00 2.507299312697270022e+00 -3.126128848229676738e+00 -3.150767629694062322e+00 4.472226997309086016e+00 -2.633383450235775136e+00 -3.357945154923617892e+00 -5.197167008747918260e+00 -4.106110305599195875e+00 8.540463592110778990e+00
-4.189136757456191518e+00 -8.413056868527416299e+00 1.614995884983469132e+00 -2.684342751685485418e+00 6.994809785062062524e+00 -1.074898780602151049e+01 8.556085182570850378e+00 3.676789704873873355e+00 3.669429167339055553e-01 8.420973348401652459e+00
-6.085109775482074213e+00 -8.829035987352446213e+00 1.452956628092864078e+00 -1.511442790727524299e+00 6.289434717653600515e+00 -9.501097559709281271e+00 9.694381274779695801e+00 3.576680697418148203e+00 6.565015869421273464e-01 8.230681296803929570e+00
-9.322241443328957544e+00 2.510920306938086100e+00 -3.336323252920709859e+00 -9.738500761733305922e+00 -7.777589826000999018e-01 -7.107057339972610244e+00 5.691473018577851484e+00 2.145679006599752636e+00 6.277978042870765663e+00 -5.095142755762883446e+00
-6.419912671040031604e+00 3.254824918223129693e+00 1.647614251222145609e-01 -7.344041122452043879e+00 1.127454087780718650e+00 -6.443746001988124306e+00 5.038550930488882251e+00 1.707728968591595065e+00 6.102884090302699960e+00 -3.300154857818182297e+00
4.384501535048167753e+00 4.531548576242476756e+00 -4.006653883128618254e+00 -4.206839141163374762e+00 1.918610259947437946e+00 -5.308742877896196477e-01 -5.070583699388341969e+00 -6.231643563358191251e+00 -6.609655341706003995e+00 7.967203464001258340e+00
-7.472467355348938689e+00 3.100988113725824835e+00 1.406433839045101719e-01 -1.068394146640673981e+01 -7.053262392562436034e-01 -8.064908239933323841e+00 6.962625832796496717e+00 2.231039836328384762e+00 5.532391796131381767e+00 -4.918511037873456893e+00
-4.686255043472705495e+00 -9.431615418922222105e+00 2.452192038467313484e+00 -1.222716553903942627e+00 8.160996267975155760e+00 -8.947119659393161228e+00 8.028145941151642262e+00 4.979037433540974611e+00 -4.663768333759241713e-01 8.062553028886792816e+00
2.923040333594606910e+00 3.391621578116132518e+00 -4.062079275180408899e+00 -3.581636209377905722e+00 4.234781776138778042e+00 -2.507933289701227864e+00 -5.748751493541756297e+00 -6.042542661670961657e+00 -5.941585384612540821e+00 7.012493480719302674e+00
8.447595534279792595e-01 4.640510328078399915e+00 -3.729966649667427969e+00 -2.999455840559002162e+00 4.173539475905855944e+00 -7.977785417755175468e-01 -5.726784251099866552e+00 -4.641398635036352083e+00 -5.271865664278181818e+00 7.102515008210941616e+00
-7.925402157123301983e+00 3.708683469312879843e+00 -4.553762670640941757e-01 -8.764197239070753653e+00 -5.163294358768635295e-01 -6.011923864841476117e+00 5.495044524472702641e+00 4.610785431008904034e+00 6.830698354539670447e+00 -5.995379176691688627e+00
2.964703766020541753e+00 4.595156487286887526e+00 -4.101333209077737685e+00 -3.991482963249842086e+00 4.689521325245624261e+00 -1.808857570483434207e+00 -4.385098656622197666e+00 -4.905227493306704822e+00 -3.976985480010086338e+00 7.427264336173375447e+00
-3.926378895728769081e+00 -1.030500596195896534e+01 2.057556951055925065e+00 -4.062790002910801057e-01 3.985276126677128605e+00 -1.025294679485550908e+01 9.176171616539761544e+00 3.694517076548293311e+00 -2.745652974711135785e-01 7.371045473688940142e+00
2.489289850350711930e+00 3.019506533622167588e+00 -5.810185370906008728e+00 -3.424363992331812323e+00 3.887705573385592306e+00 -1.501745512320697529e+00 -4.253813667649419372e+00 -3.464815892021570143e+00 -4.199754684653796311e+00 7.444067626807854055e+00
-8.345215794160534273e+00 4.422277266310545407e+00 1.141317667551432713e+00 -9.012244748059059063e+00 -7.216620382909268994e-01 -6.575902383672229234e+00 7.855336692205688642e+00 1.735639388626181612e+00 7.951250019740358610e+00 -6.202788201762336584e+00
-6.403401879581387846e+00 5.513927348735968792e+00 4.203911063553636973e-01 -8.181165321273688562e+00 7.001877972450121224e-02 -6.789864655611655309e+00 6.016206327303215140e+00 3.969937328765163809e+00 7.603072867565991544e+00 -5.135696590755437718e+00
-2.706727454322248594e+00 -9.122081754961342881e+00 3.345080304154863793e+00 1.992207314221551506e+00 8.064424124241284630e+00 -1.052588784916250475e+01 5.926046874293740885e+00 5.194561948685834096e+00 -3.659099482348192600e-01 8.327366585278964450e+00
-7.926066061590010925e+00 4.434659510973617103e+00 -2.155855001880221111e-01 -1.047165761592506250e+01 1.259500699707738702e+00 -6.898562076573180768e+00 6.417608097408820989e+00 2.629888962379687278e+00 5.406354172018493998e+00 -5.994817650497589412e+00
3.697387316118905698e+00 3.629876544501074775e+00 -2.143010125497924356e+00 -4.574388472031903241e+00 2.571126005324405384e+00 -1.876872679545961375e+00 -3.538480531773969151e+00 -5.390081705948404078e+00 -5.114027577429887117e+00 5.310923760822580775e+00
-5.377805999943658044e+00 -9.477810111423538686e+00 2.510301030035215764e+00 1.102767739484615372e+00 6.093304953352933317e+00 -9.824617486381479026e+00 8.944728552270326816e+00 8.655161621848270315e+00 2.940364247625558147e-01 9.240629171493434768e+00
-8.126711374732339621e+00 4.199925981959656163e+00 -9.677315805026677209e-01 -8.526503471946409007e+00 -6.537323285741090118e-01 -5.989488072905377436e+00 6.487234430002700947e+00 3.026319103781926589e+00 6.549052367954423914e+00 -4.147341322719972467e+00
2.729165486937717766e+00 3.372981087520151799e+00 -2.099519715773977335e+00 -2.766076476827147079e+00 2.384361627990100096e+00 -6.542091367339027963e-01 -5.175519930462947116e+00 -4.506290973482938611e+00 -4.783192105372113367e+00 9.286911369335996369e+00
3.159303434804158872e+00 2.658464404919190560e+00 -4.103811490701389175e+00 -3.772620321566126478e+00 2.823637226661563027e+00 -3.387389574758127964e+00 -3.159722961507070771e+00 -5.378675947522993717e+00 -6.673584148701384500e+00 6.363101243343779245e+00
3.825653163322778383e+00 3.080735798181055252e+00 -4.875441973390130634e+00 -4.407745004056656590e+00 5.092480833383957517e+00 -3.040313808153383146e-01 -4.233203736324500532e+00 -5.967827484810885430e+00 -6.927310238797119268e+00 6.178612207629639030e+00
3.650979566236221441e+00 3.952173683674660154e+00 -2.771933246222313407e+00 -4.556372714776180111e+00 2.642496817230485906e+00 1.617176228787142733e-02 -3.078652141433548373e+00 -4.640147132270955765e+00 -5.326492420697815255e+00 7.875812860690143857e+00
-4.638721119544587879e+00 -1.014901246171009319e+01 3.185585378913902588e+00 -1.511696033065356159e+00 7.167579130893766859e+00 -8.303802496444864900e+00 9.414840740369369243e+00 2.431442351613362085e+00 -3.622645266409779685e-01 9.657823308523786565e+00
5.050742757173269482e+00 3.995408635831146249e+00 -4.040287247670340420e+00 -1.551971404977418922e+00 3.524403181898259518e+00 -1.421318376317117105e+00 -4.407153113674931788e+00 -5.747517382004831532e+00 -4.675142102266702793e+00 8.051933515078973258e+00
-4.943668292633098815e+00 -1.073984989205933793e+01 2.566008659952697446e+00 1.059338391877467034e+00 7.504678884366388303e+00 -7.360703664190823226e+00 7.890655082006360566e+00 3.813800452041737010e+00 -9.442410943570298532e-01 7.875713081086167300e+00
2.340333261621615257e+00 3.209428706448442359e+00 -4.022485149932280457e+00 -3.563354084969360347e+00 2.803617766764701535e+00 -2.109144786736717236e+00 -5.599510152855799561e+00 -4.971502900865140795e+00 -5.255807822384250372e+00 9.227185527817594490e+00
-4.746908567181729488e+00 -8.972210558966516203e+00 2.090878106420716698e+00 -4.626092684321078119e-01 6.645613551746531122e+00 -8.129751138016384715e+00 8.888412854956040832e+00 3.023695650390284761e+00 -5.039030090584233346e-01 8.678721192995583422e+00
-3.424622684393765049e+00 -1.081508519678472879e+01 2.308696661281609774e+00 -3.721742751794883119e-01 5.831586105010202914e+00 -9.885701860174179956e+00 9.142463136190549733e+00 3.976857437611161838e+00 -6.838290902020061068e-02 8.992300374917881811e+00
-2.701709832010219969e+00 -1.006603602809587983e+01 2.037918491296693446e+00 1.835567863679571365e-01 8.014029081962700474e+00 -9.015873673966629198e+00 7.921598425722124581e+00 4.633830331291281190e+00 1.161615335938113169e+00 8.649062870450848095e+00
1.455606160637994861e+00 2.994094889287078676e+00 -3.877557257408380753e+00 -3.710927704327645404e+00 5.185274521385998980e+00 -4.124144881625664283e-01 -4.041690335320332395e+00 -5.132752433526954761e+00 -4.933176170323374521e+00 5.339853671495962573e+00
-4.848161474530908954e+00 -1.005315676610792153e+01 1.467509995549211022e+00 -1.230121239075114392e+00 6.471328722369710462e+00 -1.007925555516214899e+01 8.752462325871434246e+00 6.757307839606885302e+00 -4.885818076531588394e-01 7.693669252161966732e+00
-5.844971965793410718e+00 4.918834825944783162e+00 -4.538375513369581893e-01 -9.501564731493253646e+00 1.276614159137904991e+00 -5.930583907967888813e+00 7.121908228376023331e+00 1.132390576001879756e+00 5.366770556108683365e+00 -2.773255638516091359e+00
-7.162857158522376366e+00 4.198378775377367589e+00 -1.759330406901446597e+00 -9.566043421350981291e+00 8.676263270404611649e-01 -6.190280958475756989e+00 7.534364938501403763e+00 2.696463545204281331e+00 8.308103706893909646e+00 -5.323540594762511624e+00
2.123357429358081916e+00 4.131768986419427137e+00 -4.029165107410527469e+00 -2.787968672510667378e+00 4.786614377048612035e+00 -2.389077117762024471e+00 -3.952956650232905211e+00 -4.726251614850722760e+00 -5.564871675214065228e+00 4.472678934767776227e+00
1.082424224667641877e+00 2.602036441829335356e+00 -4.736144521806366470e+00 -3.217430450814240839e+00 5.367187044276620966e+00 -1.902427818690153760e+00 -4.244807576231468538e+00 -4.619493254944019078e+00 -4.617474618657866792e+00 7.792440294547212432e+00
-6.179322332777507754e+00 3.602412097042177574e+00 1.683945011457045782e+00 -9.572371949093792409e+00 1.222005717817331583e+00 -6.020026761462473175e+00 6.287929374103551794e+00 1.249001913475630277e+00 5.743874427476796996e+00 -4.508407604501642574e+00
4.147685023750842248e+00 2.108804208881365216e+00 -4.834989349780952850e+00 -3.073493095442632050e+00 3.699605598505144588e+00 -4.977221897122152683e-02 -4.630252227998922443e+00 -4.980549673666401667e+00 -4.853906642430516172e+00 7.878851355507155318e+00
-7.800304419897260644e+00 3.603519893928134099e+00 4.093941371445877220e-01 -9.208339598727580011e+00 4.853976628868283960e-01 -8.419557406853039438e+00 6.901487752599785530e+00 2.635267079972686943e+00 6.309169043928974929e+00 -4.103628946228500496e+00
-2.957389775975004298e+00 -1.281785455979471244e+01 3.072051471158613545e+00 7.227985537734150645e-01 5.506907859662831584e+00 -9.244399108776834240e+00 7.272660955149111928e+00 5.327456649309866066e+00 8.342230243585211369e-01 8.355878172796373349e+00
-3.788198649120658956e+00 -1.024223657988933311e+01 2.769423117639798981e+00 -9.992741113829934907e-01 5.972364730539195143e+00 -9.236917630819995395e+00 7.589710202278022066e+00 5.347976754939522515e+00 6.536352740150876972e-01 7.666348118130644984e+00
